time (s)	energy (uJ)	charge (mC)	voltage (mV)	crossing#mod 255
5654.811482	78.274628	0.000399	196.137314	147
5655.839865	76.375908	0.000389	196.291000	148
5656.897592	94.839157	0.000483	196.203735	149
5657.929014	76.148109	0.000388	196.252945	150
5658.983980	77.104248	0.000393	196.119461	151
5660.021560	80.435066	0.000412	195.456543	152
5661.067349	79.929214	0.000408	196.013184	153
5662.111880	75.568001	0.000386	195.905396	154
5663.154681	76.437469	0.000390	196.222580	155
5664.199280	75.496712	0.000385	195.862961	156
5665.242474	77.103279	0.000393	196.260178	157
5666.282726	77.243958	0.000394	195.873550	158
5667.333486	75.578804	0.000386	195.876877	159
5668.363968	81.291328	0.000415	195.883194	160
5669.420916	79.814850	0.000407	195.883667	161
5670.453451	76.404907	0.000389	196.338699	162
5671.507250	76.718689	0.000392	195.855576	163
5672.545368	79.610123	0.000406	196.171402	164
5673.593029	74.803787	0.000381	196.279373	165
5674.630819	78.793892	0.000402	196.223511	166
5675.678889	74.863319	0.000382	195.950989	167
5676.718638	74.082260	0.000378	196.117538	168
5677.767674	72.666656	0.000371	195.908264	169
5678.802498	75.773117	0.000387	195.828094	170
5679.855385	72.331879	0.000369	196.178802	171
5680.887958	73.528618	0.000375	196.306091	172
5681.941660	72.407219	0.000368	196.517456	173
5682.974429	71.096794	0.000362	196.295532	174
5684.028937	71.343719	0.000364	195.876266	175
5685.061206	71.461540	0.000365	195.708832	176
5686.115783	76.876404	0.000392	196.352737	177
5687.147638	71.663048	0.000366	195.727402	178
5688.201988	67.535454	0.000345	195.751541	179
5689.232527	71.692894	0.000365	196.251587	180
5690.286069	66.775597	0.000341	195.999603	181
5691.320389	71.094063	0.000363	195.766327	182
5692.369893	69.728851	0.000356	195.818268	183
5693.406152	69.794167	0.000356	196.051849	184
5694.455898	69.510422	0.000355	195.874908	185
5695.492109	69.267250	0.000354	195.869614	186
5696.545180	64.181595	0.000328	195.611145	187
5697.575015	68.697998	0.000351	195.875351	188
5698.629388	64.473763	0.000329	195.850433	189
5699.661024	67.907455	0.000347	195.731339	190
5700.716270	65.843040	0.000337	195.536392	191
5701.747880	65.702103	0.000336	195.597092	192
5702.800934	64.131821	0.000327	195.941025	193
5703.833130	63.933407	0.000326	195.832321	194
5704.887676	60.592197	0.000309	195.859802	195
5705.918550	67.960876	0.000346	196.178802	196
5706.969869	106.343910	0.000543	196.012451	197
5708.005571	64.536682	0.000329	196.147705	198
5709.052279	78.498062	0.000400	196.054871	199
5710.092257	61.367432	0.000313	196.278152	200
5711.137118	59.345493	0.000303	196.030411	201
5712.176549	134.150101	0.000685	195.910233	202
5713.226637	57.284870	0.000292	195.902222	203
5714.260123	61.631817	0.000315	195.810883	204
5715.314575	56.851139	0.000290	196.122192	205
5716.341309	59.964474	0.000306	196.163849	206
5717.400766	56.900719	0.000291	195.705795	207
5718.428433	59.859222	0.000306	195.359756	208
5719.485007	55.508671	0.000283	195.938614	209
5720.512838	59.889492	0.000306	195.766327	210
5721.566688	56.519684	0.000289	195.855728	211
5722.601804	55.208595	0.000281	196.172012	212
5723.648972	54.790684	0.000279	196.306686	213
5724.687663	64.850357	0.000331	196.017715	214
5725.735080	54.130611	0.000277	195.700806	215
5726.772226	55.903240	0.000285	196.154358	216
5727.820654	52.318527	0.000267	195.690247	217
5728.854996	58.285099	0.000297	196.335220	218
5729.905919	53.942631	0.000276	195.604645	219
5730.941729	55.745453	0.000285	195.664886	220
5731.989093	52.417358	0.000267	196.182297	221
5733.025658	55.267159	0.000282	195.898911	222
5734.074288	88.004669	0.000449	195.881104	223
5735.110526	55.073097	0.000281	195.849243	224
5736.160372	50.476337	0.000258	195.765732	225
5737.194945	57.437702	0.000293	196.368118	226
5738.244851	47.964718	0.000244	196.345947	227
5739.279094	52.993889	0.000270	196.120071	228
5740.328882	51.762829	0.000264	195.728012	229
5741.365059	54.440308	0.000278	195.861450	230
5742.409833	53.118919	0.000271	195.827789	231
5743.451653	51.538502	0.000264	195.425751	232
5744.497329	49.149750	0.000251	195.726181	233
5745.536349	50.982269	0.000261	195.379410	234
5746.582854	52.139866	0.000265	196.651077	235
5747.618905	50.549339	0.000258	195.732666	236
5748.667478	48.692482	0.000249	195.774490	237
5749.701468	52.261852	0.000267	195.779785	238
5750.755533	47.925591	0.000245	195.862823	239
5751.782849	50.840958	0.000259	196.317413	240
5752.841127	46.539368	0.000238	195.632126	241
5753.867425	49.674999	0.000253	196.043549	242
5754.924354	47.660526	0.000243	195.753357	243
5755.952014	47.742031	0.000244	196.054413	244
5757.009505	46.304970	0.000236	196.217758	245
5758.040494	47.549717	0.000243	196.052139	246
5759.093297	43.584595	0.000223	195.739029	247
5760.125722	49.003059	0.000250	195.641037	248
5761.175450	43.512932	0.000222	195.677109	249
5762.209979	48.395622	0.000247	195.692215	250
5763.257683	46.441853	0.000237	195.633652	251
5764.296767	46.086220	0.000236	195.688278	252
5765.341447	54.630383	0.000278	196.176270	253
5766.381061	45.295910	0.000231	195.814499	254
5767.429131	43.182957	0.000221	195.607056	255
5768.463058	45.338352	0.000231	196.123718	0
5769.514752	43.050137	0.000220	195.632278	1
5770.544717	47.998165	0.000245	196.240097	2
5771.599488	42.359524	0.000216	195.793533	3
5772.629020	55.491421	0.000283	196.256119	4
5773.683783	43.330006	0.000221	195.759415	5
5774.714330	46.938435	0.000239	196.190720	6
5775.767015	42.640659	0.000218	195.901611	7
5776.798955	44.292187	0.000226	195.727249	8
5777.854514	42.450035	0.000217	195.516479	9
5778.882149	45.640797	0.000232	196.316818	10
5779.938157	41.781033	0.000213	195.905701	11
5780.966702	44.902317	0.000229	195.795334	12
5782.022496	41.770733	0.000213	196.053665	13
5783.051118	44.433872	0.000227	195.612961	14
5784.105472	41.831718	0.000214	195.686478	15
5785.133806	44.416367	0.000226	196.242386	16
5786.189654	42.070999	0.000215	195.425598	17
5787.221813	44.043385	0.000225	196.093063	18
5788.272789	41.418285	0.000211	195.958542	19
5789.308435	42.148663	0.000215	195.694778	20
5790.357473	40.196964	0.000205	195.821609	21
5791.391217	42.832844	0.000219	195.644058	22
5792.439512	40.360683	0.000206	195.685257	23
5793.476268	42.207985	0.000216	195.657028	24
5794.524469	39.408092	0.000201	195.714859	25
5795.560712	91.136940	0.000466	195.734634	26
5796.607807	38.837757	0.000198	196.034790	27
5797.644797	41.402107	0.000211	195.783401	28
5798.692451	40.428043	0.000206	195.808472	29
5799.728391	40.659344	0.000207	196.045181	30
5800.778635	38.632618	0.000197	195.816345	31
5801.810712	41.962387	0.000214	195.823257	32
5802.864743	38.041847	0.000194	195.684372	33
5803.893762	42.030525	0.000215	195.768005	34
5804.949339	38.186142	0.000195	195.663528	35
5805.977228	40.833431	0.000208	195.999756	36
