num crossings	time (s)	maj axis (mm)	min axis (mm)	theta (rad )	slope (V/s)
1423	1313.651218	74.169359	4.730332	-0.505585	10.704146
1425	1315.733242	75.969654	4.573968	-0.508776	12.006356
1427	1317.814761	73.314551	4.684460	-0.510587	11.231944
1429	1319.897956	72.735347	4.591853	-0.496471	10.510068
1431	1321.980541	71.240984	4.560132	-0.508731	11.376049
1433	1324.065118	75.079958	4.289552	-0.505746	11.271819
1435	1326.150378	74.820540	4.424033	-0.507460	11.372564
1437	1328.234168	72.748203	5.132587	-0.515492	10.882056
1439	1330.318817	73.569586	4.481610	-0.498758	10.402851
1441	1332.402688	73.566231	4.070334	-0.502772	10.469678
1443	1334.485948	72.535630	4.071452	-0.494017	10.743652
1445	1336.569895	72.475160	4.348047	-0.508475	10.408459
1447	1338.653476	74.419129	4.067732	-0.503922	10.626523
1449	1340.736665	73.408931	4.908991	-0.509155	10.820120
1451	1342.819990	71.413534	3.956372	-0.496514	10.909200
1453	1344.903230	73.361460	3.722893	-0.496442	10.242197
1455	1346.986071	72.141629	3.762142	-0.499434	10.634001
1457	1349.068288	71.278119	3.704055	-0.491714	10.208906
1459	1351.150998	73.915328	3.558733	-0.496567	10.127208
1461	1353.234500	72.911515	3.433516	-0.498778	10.502166
1463	1355.319067	72.404018	3.457413	-0.491271	10.453521
1465	1357.403646	71.882731	3.407631	-0.490690	10.195186
1467	1359.487871	67.607738	3.474711	-0.502026	10.485773
1469	1361.572468	71.442645	3.155209	-0.487410	10.091284
1471	1363.656348	72.377124	3.132063	-0.496660	9.735508
1473	1365.740089	66.919169	3.470187	-0.495204	9.758017
1475	1367.823031	71.597335	3.567613	-0.500431	9.580526
1477	1369.905610	70.695383	2.944745	-0.491803	9.717653
1479	1371.989035	70.086170	2.918304	-0.482733	9.504018
1481	1374.072129	68.634932	2.839542	-0.485792	9.615072
1483	1376.155086	71.285293	2.822762	-0.490847	9.585364
1485	1378.238184	70.564412	2.738808	-0.489748	9.644831
1487	1380.321808	66.919788	3.249221	-0.494787	9.518513
1489	1382.404931	69.069869	2.626012	-0.493567	9.728927
1491	1384.489283	70.452825	2.511034	-0.494664	9.874585
1493	1386.573543	68.246267	2.476366	-0.479208	9.593361
1495	1388.657697	70.336606	2.428738	-0.484989	9.517825
1497	1390.741564	69.292919	2.602661	-0.487369	9.336963
1499	1392.825415	68.567089	2.277896	-0.474029	9.074583
1501	1394.908902	67.417596	2.392591	-0.487088	9.140621
1503	1396.992020	68.877164	2.205586	-0.482384	9.021352
1505	1399.075126	69.580006	2.156472	-0.482554	8.795581
1507	1401.157568	68.717233	2.110738	-0.478358	9.391278
1509	1403.240310	67.839973	2.060968	-0.481254	9.337782
1511	1405.323000	68.794309	2.117955	-0.485980	9.236313
1513	1407.405827	69.116681	2.067050	-0.496485	9.008880
1515	1409.489311	68.573681	1.993411	-0.488173	8.659091
1517	1411.572959	65.240312	2.086557	-0.479912	8.913574
1519	1413.656407	67.642433	1.905008	-0.488538	8.733751
1521	1415.739965	67.532625	1.735777	-0.486959	8.498927
1523	1417.823577	66.797297	1.784537	-0.481193	8.696412
1525	1419.907209	67.076803	1.730793	-0.475660	8.252276
1527	1421.990550	65.795916	2.511893	-0.495858	8.658829
1529	1424.073815	68.010292	1.602890	-0.479884	8.646976
1531	1426.157031	65.578452	1.691053	-0.480323	8.550492
1533	1428.239819	66.493800	1.495930	-0.478214	8.812523
1535	1430.323217	65.916227	1.430993	-0.478656	8.619353
1537	1432.405916	67.243212	1.480344	-0.480936	8.828052
1539	1434.488889	66.837442	1.352977	-0.479974	8.683047
1541	1436.572514	67.275230	1.326154	-0.476714	8.671480
1543	1438.656504	66.139719	1.335129	-0.482768	8.333443
1545	1440.740629	63.698372	1.176366	-0.474112	8.077219
1547	1442.825050	65.626714	1.265694	-0.480782	7.952403
1549	1444.908692	63.458653	1.560590	-0.485464	8.009688
1551	1446.992720	64.097731	1.129374	-0.471945	8.083909
1553	1449.076429	65.692025	1.129255	-0.481751	8.142914
1555	1451.160578	63.416540	1.148995	-0.479266	8.332580
1557	1453.244315	64.739677	0.964609	-0.480474	8.396006
1559	1455.327698	64.077509	0.895324	-0.473074	8.678968
1561	1457.411416	64.984319	0.969130	-0.478526	8.292365
1563	1459.495164	64.199247	0.883762	-0.479904	8.316403
1565	1461.578385	64.478098	0.921880	-0.488596	8.250661
1567	1463.661548	64.017999	0.770576	-0.473945	7.896920
1569	1465.744815	62.313140	0.755983	-0.472661	7.896901
1571	1467.828518	63.481360	0.741582	-0.479094	7.803109
1573	1469.911447	64.125030	0.654783	-0.477761	7.505775
1575	1471.994612	62.453273	0.748592	-0.479099	7.895802
1577	1474.077648	64.232168	0.522181	-0.473749	7.572679
1579	1476.161087	60.269746	0.377082	-0.466362	7.842851
1581	1478.244758	63.559530	0.470613	-0.481293	7.659253
1583	1480.328882	63.690567	0.361683	-0.474638	7.810271
1585	1482.412573	58.646113	0.249937	-0.469806	7.672692
1587	1484.495812	60.486853	0.116624	-0.464428	7.454270
1589	1486.578565	62.860102	0.308823	-0.482761	7.478766
1591	1488.661548	63.342590	0.294633	-0.475543	7.129097
1593	1490.743939	62.589410	0.172514	-0.475393	7.333887
1595	1492.826565	62.316564	0.167329	-0.473417	7.228578
1597	1494.909139	63.380912	0.326050	-0.473074	7.501393
1599	1496.992053	62.824348	0.222716	-0.475282	7.712759
1601	1499.075107	60.589686	0.119563	-0.481202	7.486255
1603	1501.157311	60.683682	0.050709	-0.479143	7.599814
1605	1503.240203	59.339989	-0.095646	-0.478796	7.199398
1607	1505.323962	61.706242	-0.712294	-0.475543	7.545389
1609	1507.407465	59.639434	0.037504	-0.489506	7.198735
1611	1509.491030	61.153682	-0.172012	-0.478030	7.195709
1613	1511.574936	61.493271	-0.168486	-0.479899	7.150089
1615	1513.658600	61.200667	-0.198832	-0.482696	6.752075
1617	1515.741631	61.191078	-0.342412	-0.471676	6.708430
1619	1517.823706	60.868917	-0.378100	-0.475338	6.530124
1621	1519.907908	60.548288	-0.336672	-0.476853	6.782876
1623	1521.990748	59.764125	-0.413953	-0.474621	6.576343
1625	1524.073796	60.873756	-0.415204	-0.476855	6.839512
1627	1526.157013	60.689640	-0.541212	-0.481846	6.952515
1629	1528.240208	58.965902	-0.478712	-0.479505	6.712553
1631	1530.324066	58.936645	-0.401816	-0.476808	7.177464
1633	1532.408125	60.648195	0.000035	-0.485522	6.825254
1635	1534.492083	59.345543	-0.646007	-0.478365	6.598405
1637	1536.575907	58.614673	-0.515292	-0.478643	6.663897
1639	1538.660257	59.693092	-0.675413	-0.483860	6.378675
1641	1540.744215	58.768890	-0.768749	-0.474872	6.335588
1643	1542.828103	59.149832	-0.784546	-0.478394	6.285421
1645	1544.910637	59.245688	-0.880916	-0.478857	6.498806
1647	1546.993835	56.090577	-0.816604	-0.479033	6.613473
1649	1549.077644	58.554708	-0.902531	-0.477451	6.682531
1651	1551.161710	59.455015	-1.996397	-0.486488	6.495112
1653	1553.245344	57.330087	-1.042008	-0.471807	6.452025
1655	1555.328833	57.895891	-1.034721	-0.478105	6.352916
1657	1557.411368	56.781052	-0.944432	-0.478052	6.360800
1659	1559.495594	58.837495	-3.514318	-0.474558	6.089208
1661	1561.578561	56.027128	-1.130360	-0.482136	5.864404
1663	1563.661718	57.506972	-1.302124	-0.475019	5.866566
1665	1565.744657	55.333461	-1.519663	-0.472580	6.050564
1667	1567.828095	57.944778	-1.276701	-0.475383	6.052636
1669	1569.911543	57.839620	-1.157885	-0.482967	6.066137
1671	1571.993964	47.038911	-0.985673	-0.479253	6.239464
1673	1574.077415	57.407967	-1.258781	-0.481444	6.262298
1675	1576.160492	56.578999	-1.690664	-0.481346	6.323359
1677	1578.244537	56.947068	-1.371682	-0.484244	6.065107
1679	1580.327293	55.467868	-1.501755	-0.481823	6.010774
1681	1582.410187	56.907363	-1.346173	-0.480779	5.688389
1683	1584.493059	56.408894	-2.154898	-0.483421	5.750596
1685	1586.575369	54.358096	-1.373427	-0.488012	5.966499
1687	1588.658044	54.068951	-1.468303	-0.478245	6.042783
1689	1590.740908	57.017638	-1.260351	-0.487447	6.180022
1691	1592.823378	54.215760	-1.450880	-0.483691	5.937854
1693	1594.906771	51.306454	-1.712267	-0.479861	6.159684
1695	1596.989309	55.529548	-1.541709	-0.486904	6.136876
1697	1599.072610	55.289583	-1.583684	-0.487198	6.037326
1699	1601.156339	54.968031	-1.606170	-0.488699	5.742055
1701	1603.239428	56.050171	-1.803985	-0.486867	5.446625
1703	1605.322755	55.081904	-1.760993	-0.489380	5.636172
1705	1607.405499	55.084184	-1.717359	-0.490132	5.579931
1707	1609.489261	52.947817	-1.562036	-0.492413	5.478840
1709	1611.571735	55.975249	-1.972507	-0.500203	5.613164
1711	1613.654523	54.888305	-1.742296	-0.488697	5.764879
1713	1615.737413	55.489991	-1.944706	-0.500155	5.716586
1715	1617.820927	54.341575	-1.886921	-0.488167	5.710543
1717	1619.904961	53.364461	-1.845354	-0.490089	5.446622
1719	1621.988889	54.010634	-1.889861	-0.491656	5.209496
1721	1624.071958	54.342312	-1.915384	-0.488623	5.193950
1723	1626.155034	54.416961	-1.944504	-0.488667	5.277238
1725	1628.238923	53.951098	-2.244187	-0.495813	5.421499
1727	1630.321713	53.059771	-1.990369	-0.493754	5.444778
1729	1632.405384	43.467829	-2.546903	-0.480920	5.405126
1731	1634.488772	53.760155	-1.974438	-0.494481	5.534426
